2.134830963139312310e+00 5.930595231015051150e-01
2.757114160438062754e-03 6.519398825391989893e-01
1.079944893237669012e-01 6.458793846231463132e-01
1.434593175533410009e-02 6.502195080050707787e-01
6.917066079124586375e-01 6.144995824817593988e-01
2.309028213736610269e+00 5.927195831239497892e-01
1.046851392211638254e+00 6.051591499056084844e-01
8.002420232546728629e-01 6.119593558977366454e-01
3.995649494564224719e-02 6.484997104110133970e-01
2.473023774511846185e+00 5.926797351327907082e-01
9.720778559457150803e-02 6.457993245895006229e-01
2.534923511863581558e-01 6.371196266288082777e-01
4.146798607023209904e+00 6.012794680678038572e-01
7.595023696490772469e-01 6.131195567715854722e-01
7.441354085903144344e-02 6.471593814635349107e-01
8.038461271387415952e-01 6.120593287007439764e-01
1.685720052295881510e-01 6.416395084803158122e-01
5.441509691263904935e-01 6.203997419768979560e-01
1.071468595421266157e+00 6.050391915079157412e-01
1.078104095793083417e+00 6.049591931125900546e-01
6.215074822727674198e-01 6.171998338678624796e-01
1.436932587761909907e+00 5.965590807016866171e-01
5.063596670341151018e+00 6.093993004249201872e-01
4.185054570656092099e-01 6.267992389324390512e-01
1.250846990354510080e+00 6.001192952744009990e-01
3.804143831083259819e-01 6.282593414410785337e-01
3.877630229793565420e+00 5.995193968211740554e-01
8.789165971502089780e-01 6.097794638013704915e-01
1.178222352073151402e+00 6.030792194032860154e-01
9.752418307745543968e-01 6.071591436226909666e-01
9.513980316026683370e-01 6.076791052561697493e-01
5.477570411595038546e-01 6.200597627664015121e-01
3.123226820586028296e+00 5.951592206566621579e-01
3.433092646491881172e+00 5.973991087072831885e-01
9.817201289938431996e-02 6.457793277889888328e-01
7.981251700469516042e-01 6.121194199233468414e-01
3.288782639195801050e+00 5.966390678629516220e-01
4.372913554377256262e-01 6.264192941260736669e-01
2.581917399644548805e-01 6.367597570480544311e-01
1.386303904786378716e-01 6.444192989546178030e-01
1.228861963484427777e+00 6.013392345253517624e-01
1.266969536214496983e-01 6.444592925399560412e-01
3.443852152048721971e-01 6.296994807164916219e-01
7.218813857564854164e-01 6.128196607961762243e-01
6.761633684500839570e-01 6.144997449066380568e-01
3.727518930985912693e+00 5.982793879726218123e-01
4.594785150334674828e-01 6.255794061305657294e-01
3.410482477025680303e-01 6.298594663170019592e-01
5.168878643013468110e-01 6.230195692686167908e-01
5.804404498622329767e-01 6.189799243486169278e-01
7.738744280507801054e-01 6.131994767731825391e-01
1.028417129221093906e-01 6.457193317908140884e-01
9.351085089991827415e-01 6.078993333077465921e-01
5.724149660275422491e+00 6.165197968837361486e-01
2.140507822350937173e-01 6.388596674982292001e-01
5.585597548149087155e-01 6.198798027550722622e-01
2.588811192336608613e-01 6.367397602475425300e-01
1.110040905315851534e+00 6.043390906577235100e-01
6.612532541296360922e-01 6.151998345572781135e-01
5.223249380225148952e-01 6.221796644455460656e-01
1.447832232997663393e+00 5.966990359030284186e-01
1.062609021630058548e+00 6.049791899131019557e-01
1.364081340276669940e-01 6.445393469581397472e-01
1.189632718840257120e+00 6.030992497930433016e-01
3.687170528910615336e-02 6.486396767868104485e-01
1.849060122791270147e-02 6.506596168342657638e-01
2.748615090482723344e-01 6.357398754331490265e-01
2.728329188350241630e+00 5.926993397576094669e-01
2.246389508109598587e-01 6.385997315189129164e-01
9.795599436847808317e-01 6.071391580217314621e-01
1.416820142373433455e+00 5.972790999084683916e-01
2.713767634042414389e-01 6.359198466283448870e-01
2.025829988285252625e+00 5.940194759030005267e-01
3.472029818549587366e-01 6.293994951038818231e-01
1.557381284080838479e-01 6.427793708951555773e-01
6.395739658945939210e-01 6.158798994493083212e-01
1.203033148581478917e+00 6.024993569772378876e-01
6.086301411453582944e-01 6.179400011224422951e-01
1.301325831133512301e+00 5.990192808350347509e-01
7.557554544982481026e-01 6.130395751661767978e-01
2.918131234447562949e+00 5.936792501705955294e-01
6.620559045297579048e-02 6.476395007432761419e-01
1.931580433744681594e-02 6.506596280369550955e-01
9.818797964155270286e-01 6.068390883967943461e-01
2.218138387346094920e+00 5.928795182856925194e-01
1.303668063034395752e+00 5.987792632217192601e-01
1.256224098920221799e+00 5.999792672759697298e-01
5.847642288891184981e-01 6.185599131378639592e-01
8.185185952411647703e-01 6.117594718923964336e-01
2.836572797252669420e-01 6.347196689496635846e-01
1.858065905440469887e-04 6.520998905607739982e-01
1.578129914569900150e+00 5.975191455583098721e-01
2.565237213469325983e+00 5.916796318079178274e-01
1.491822874555941647e+00 5.977190855614115117e-01
1.373382538488911175e-01 6.443992965543298146e-01
1.231862730332251132e+00 6.012192201236236100e-01
4.176720984896754807e+00 6.021393752911624597e-01
1.055091443454396982e+00 6.048792339188342471e-01
1.470719484748835626e+00 5.971390103156367646e-01
2.133212729638381600e+00 5.931394935010871894e-01
7.506873160431410952e-01 6.130995823733150774e-01
1.504396381407992367e+00 5.982990935785014175e-01
7.786865625850556416e-01 6.132194847763837720e-01
1.235262179251914172e-02 6.499795631951190700e-01
1.013739370783607097e+00 6.057392867614689314e-01
2.985135687326617493e+00 5.934992789879480757e-01
2.571274114662073784e-01 6.368597746524077285e-01
1.476780065925159091e+00 5.973590423374040004e-01
9.584079984181822498e-01 6.074990724352024030e-01
1.540462397648546089e+00 5.976990999604517851e-01
7.549168518351033752e-01 6.130595831693780307e-01
1.478895962802533326e+00 5.973790447376919888e-01
6.302042642429879216e-01 6.162798186476697859e-01
5.032876279727559465e-01 6.239594188613055703e-01
2.703602778294733611e-01 6.359398602344594753e-01
8.932933386347000626e-01 6.092194525816553297e-01
1.959787078376432623e+00 5.944994270733844344e-01
7.717509897617734760e-01 6.131194783715826491e-01
1.795886129763455186e+00 5.932194078056572950e-01
5.683362773408898727e-01 6.193198699604567370e-01
1.959195847818276714e+00 5.945194294736725338e-01
9.461776810828838036e-01 6.077191828695209797e-01
1.669227537253153315e+00 5.956191134948766175e-01
7.212603039515287640e-02 6.474593446770402494e-01
3.816708967886385806e-01 6.282393278381012136e-01
9.866452041347459345e-02 6.456793101846354244e-01
1.558387161849190405e-01 6.427793708951555773e-01
4.286150981717090636e-01 6.268792989472620203e-01
7.026854490669919018e-02 6.473393694768819762e-01
1.113030816153583569e+00 6.042391066551637824e-01
2.621026180418881135e-01 6.366598458551327999e-01
7.857680684309616484e-03 6.508797328620862244e-01
6.848517156648740167e-01 6.149196721144750688e-01
4.907322700289612483e-01 6.242793676726333674e-01
3.747807365837241712e-03 6.516198105171111532e-01
2.007099840620582221e+00 5.944595119100088976e-01
2.140874628142696023e-01 6.388596674982292001e-01
6.828493915906694856e-01 6.148996697141869694e-01
1.108634045512609800e+00 6.042990914569233984e-01
1.077300837762242003e-01 6.458993814236582143e-01
5.191396799906814463e-01 6.225796060555607303e-01
4.108520449025292010e+00 6.010395064742093396e-01
3.325838613842909686e-01 6.302594975359829821e-01
5.216602737168862802e-01 6.221196572415450543e-01
8.219934519764022784e-01 6.116195110881411656e-01
1.871757059603510465e+00 5.939795718576118544e-01
9.094367161298824720e-02 6.460392805895933677e-01
1.699081841562271489e+00 5.952392078900811123e-01
1.007182029250413891e+00 6.056593331800378399e-01
3.122151242077386701e+00 5.952392078587098734e-01
2.848689827966691457e+00 5.931993493981966292e-01
1.276932706648050142e-01 6.444792893404678313e-01
9.347601283871139755e-01 6.078993277079705049e-01
3.864199723269019088e-02 6.485196959994244947e-01
5.372827320776180082e-01 6.210995683784549248e-01
3.261195496556974938e+00 5.963391662720807229e-01
1.756904225970516709e-01 6.410195292550321389e-01
3.558925378833805997e-01 6.290994478905975740e-01
1.649428718982170750e-01 6.422395189039680208e-01
2.088133030517015598e+00 5.933393942681102207e-01
2.369863017643601300e+00 5.924797615404439055e-01
3.782722966989230939e-01 6.283593926597743629e-01
3.045942286122460985e+00 5.951991806527550111e-01
1.606817622822649616e+00 5.965791727360381103e-01
9.585817060445150917e-01 6.074990724352024030e-01
9.436544284769108337e-01 6.075991964666733747e-01
1.364781093853496996e+00 5.975191455457614653e-01
3.809210779136350533e-01 6.282993238394131152e-01
1.032468909021111214e+00 6.055392571399896839e-01
9.927664049369657739e-01 6.061391499683435047e-01
1.149211218909392818e+00 6.035792122445446939e-01
4.175874835915980299e-01 6.268192133338464922e-01
1.081145055440352998e+00 6.048991747121738038e-01
8.952942000091718144e-01 6.091394653796076142e-01
1.705643003766978749e+00 5.949592246714852095e-01
4.060904471265412985e-01 6.267992445635864884e-01
8.719187499476668823e-02 6.465393070200974313e-01
4.405218457640557306e-01 6.264592933268735564e-01
6.769919479001675899e-01 6.146197313094857728e-01
1.181059285474873599e+00 6.031992394047903661e-01
2.737402286464116208e-01 6.357798802305880681e-01
3.269306712483878719e-01 6.308595919656883044e-01
5.764397982859741365e-01 6.191798979597865626e-01
1.670550261756698296e+00 5.957191254963168925e-01
2.231959414523282947e-01 6.386597555191054765e-01
5.171551638322013922e-01 6.229995612654154469e-01
5.505518306073273749e-01 6.201197587677134138e-01
2.346034790105179235e-01 6.381996666918638983e-01
5.410890465538045202e-01 6.209596131802503916e-01
1.200741080316076875e-01 6.448792925637053530e-01
8.970953803873439325e-01 6.091994557811434285e-01
5.796189759977198319e-01 6.189799187488409515e-01
4.193513974126215627e-01 6.269392277387118018e-01
1.051629833394435831e+00 6.049792179119826141e-01
9.349967312214130244e-01 6.078993333077465921e-01
1.850113158234718558e-01 6.399795668053276376e-01
1.104959090238764263e+00 6.045190674621068183e-01
7.465430958988290566e-01 6.125996007723912840e-01
6.940979299703671224e-01 6.143995480655289887e-01
7.349749850555555852e-01 6.125396271827323602e-01
